6.099831584708876875e-01 6.411168528328388128e-01 2.570117618524357661e-02 9.848007266613166555e-02 -5.192718182023301488e-01 5.867782319740748598e-01 -3.890827088605232631e-01 -2.221277195877043309e-01 -5.736798260546869255e-01 -9.085703649000934634e-01
-5.188794629157644778e-01 -2.391494798505124364e-01 -5.472717000756618377e-01 8.965846585035749383e-01 2.570525734931246031e-01 -4.289883523916802055e-01 -3.658127306188281858e-01 -8.363075264437569434e-01 2.757603896999619164e-01 8.651782018877762770e-01
-3.209064124909949411e-01 -3.219478694068069746e-01 3.543926545392291072e-02 -2.251093085647513925e-01 -7.088939022551277169e-02 -1.081479103361102867e+00 3.397332858339184858e-01 -1.524555433449655273e-01 3.489526841230142784e-01 9.469609897242091678e-01
-4.921655177816904037e-03 5.062624552501930886e-01 -8.288333200190539651e-02 2.423865733306538872e-01 -1.866117903660238775e-01 2.642965711666778184e-01 6.976975907061060134e-02 1.184532879243557074e-01 -1.600949363803352565e-01 -7.970041802644770024e-02
1.603981926744904585e-01 -7.307698288663538877e-02 1.489137271395647721e-02 -2.132270643191203907e-01 3.762337235946881520e-01 -6.350101352059428494e-01 -6.453714476068529715e-02 -1.363755528779187487e-01 3.220415766275708247e-01 -1.439827132007670540e-02
6.862258024815643953e-01 -8.359471622347930397e-03 2.280245655492030843e-01 -3.995320393861774289e-01 2.665221999767413905e-02 5.438318473261082309e-01 -6.965581737231374415e-01 3.122074457395793701e-01 2.956276710205608116e-01 -3.397340939209287369e-01
-1.359234023389941926e-01 -7.893174457047998915e-01 -3.189705830985169188e-02 3.182112216741309063e-01 7.380699072751664147e-01 -2.936742332965145974e-01 -1.141713486258058297e-01 -1.865484338546459508e-01 1.330885258963871165e-01 -2.034082130739306438e-01
-1.790902498277785748e-01 -3.351468536332002923e-01 7.740904769341959701e-01 -4.144704618367799354e-01 -6.642932132808567758e-01 -8.748860183285053771e-02 1.256494796512162282e-01 -3.777975040474710888e-01 3.801373345205219523e-01 -5.734520672174375777e-01
-6.935551621071623929e-01 -1.203648019297258731e+00 -4.828198119971095076e-02 -5.013651490392161125e-02 4.225798332886593345e-01 -1.615218880406960045e+00 4.775549779904763037e-01 -4.948107303356014119e-01 1.360567422856946207e+00 1.260449623146881359e+00
1.567233219763587981e-01 -5.885210550967598930e-01 7.768237533697405217e-01 -7.609258104736342787e-01 -5.089808972387612762e-01 8.845830180747852323e-01 5.364796273410525895e-01 -2.174769837138970652e-01 -5.467828417620201886e-01 -7.654341365497545624e-01
4.240871920115611704e-02 1.224268059131915498e-01 1.196283147325149926e-01 2.460725200620588748e-01 3.331235084283945547e-02 4.520889224012661911e-01 -6.027217774665829531e-01 -1.507060609620167191e-01 2.167453474111603884e-01 -3.310700290627532905e-01
-6.842936648650490561e-01 3.756513859064016247e-01 -3.392973868597648490e-01 -1.180704890663383244e-01 -4.378303087151462769e-01 -3.648222538135499904e-01 4.531434995962501100e-01 -1.501746174711146298e-01 7.429199850032577879e-02 7.930703883849450353e-01
7.586125588887397964e-01 2.766420502718746621e-01 4.693401901545910526e-01 5.923597355798554398e-01 3.209921757338506099e-02 -3.601689414856298344e-01 4.483809781132307160e-02 -7.011897080740304711e-01 5.286015866255348028e-01 -5.862517889218918921e-01
8.515290204506578142e-01 3.414600465556161257e-01 6.904072296729175662e-01 -8.055228946959427372e-01 -2.710316031857302743e-01 1.913811067567731783e+00 6.146013550609600307e-01 9.892517515868309852e-02 -1.034514799966756549e+00 -1.205163027697959466e+00
-4.298535769458690092e-01 -2.048342024379196658e-01 -6.576285497683357351e-01 -5.021593774365425977e-01 6.345069859638826637e-01 -4.768704608590171867e-01 -8.795677754197961384e-02 -8.388997891263252904e-02 1.119639775994109854e-01 9.469593838463713498e-01
-2.560459630087359439e-01 -8.690451785063691981e-01 3.685857722625800470e-01 -5.192439911901312044e-01 -2.843924401728513685e-01 -1.612203826974974774e+00 4.743149273961574930e-02 -9.255418947135682362e-02 7.443424294657987605e-01 6.823387343059271748e-01
-6.964295599741763265e-01 -1.014438668326878568e-01 7.633874831958083196e-02 -7.875231208240465186e-01 6.808895032000814584e-01 1.137955545525311668e-01 1.880752928400839241e-01 -2.713153873515522507e-01 1.917191096361469671e-01 9.208509442958686675e-01
-3.551120629210213764e-01 -4.286966810833207214e-02 2.568114513218161532e-01 -2.317389194326774926e-01 -3.996243205874187021e-01 1.714208477803167985e-01 -5.283487995493917344e-01 2.143523860745645271e-01 8.832805620943348646e-02 3.345780993308535289e-01
-2.334994670582566934e-01 -3.319240362489592200e-01 -5.791543497725720052e-02 -3.084932119940041531e-02 1.502182473928274087e-01 -7.623266406784307003e-01 -2.044058951897006482e-01 1.661068264176619735e-02 6.058978951794451173e-02 7.727826512726205799e-01
1.330196041462587131e-01 -4.040556195721498045e-02 7.549728882544666231e-01 -4.500203834231137900e-01 -8.909150048268259514e-01 2.091813848979879598e-01 4.264915987612185044e-01 -2.756853645943719844e-01 -5.829799107211806886e-02 3.464977544933783293e-01
-8.198867509439887735e-01 -4.916361027009349960e-01 -1.321290948276605537e-01 -2.195179271480577898e-01 -1.230679566067932884e-01 2.839436386794905176e-02 3.803215710179114195e-01 -1.345451119063934831e-01 1.791001991958086070e-01 3.252654379075243241e-01
6.171205591873183405e-01 8.508471756880363612e-01 2.729653097942821849e-02 3.721459406575603479e-01 -9.496158306896323661e-03 2.626984646661180700e-01 -2.760214995173528307e-01 6.577734892528183663e-02 -3.246732137033681576e-01 -1.335932398901561902e+00
5.918220075397853108e-01 -6.371740868671602609e-01 5.990867621672449905e-01 -7.250546206641190761e-01 2.067514068820694995e-01 8.939632691829877409e-01 4.634108478990037749e-01 -1.606507581049357591e-01 1.123416999139524863e-01 -5.873165140415420593e-01
2.931553921773820126e-01 -2.510803691889851308e-01 3.043901021637502313e-01 8.370244222224110242e-02 -4.496334121127324585e-02 -3.464402310314439876e-02 1.330429943653494429e-01 -3.447213634585143405e-01 2.077303614833350687e-02 -8.499690824530438116e-01
-8.633950492683531985e-01 6.336265353896043395e-01 -5.475633105919758270e-01 -1.925989150833401498e-01 -3.683814719533197723e-01 -5.815608361493082024e-01 7.828894005647147117e-03 -1.254150817483087876e-02 1.261602803203009937e-01 1.415128008224732392e+00
-3.702963199247307768e-01 4.335572933787722461e-01 3.292113210095007902e-01 6.580183195015718578e-01 2.196069887536071519e-01 3.713925340395043406e-01 -3.075614496398679232e-01 -6.642513210642101429e-01 7.374294234988597596e-01 -7.694344211461590088e-01
-5.045060542183690266e-01 7.427188418938596159e-01 2.002969421139325079e-03 5.005534362046829555e-01 4.463115558502833702e-01 8.112891149112139155e-01 -7.704169843834639542e-01 -7.876349318127330301e-01 6.847293631629676192e-01 -3.631335158038351274e-01
1.471236258283318936e-02 5.308500234224664549e-01 -6.363952632427824496e-02 -9.201917875852708151e-02 2.330390164137217945e-01 -4.471302671395628314e-01 -1.200174865409629338e-01 1.007221760930233079e-01 3.948291395444366442e-02 -1.622854737869897090e-01
-5.706051111128945807e-01 -3.595756337758110877e-01 2.307262704246905716e-01 -5.252043775856057167e-02 2.254701671085539427e-01 -3.461343520625003167e-01 2.078350247019635499e-01 1.793126230927496179e-01 1.880860385308177896e-01 -7.286303184220247475e-01
-3.106100999898545045e-01 -2.047149027088330797e-01 5.413026498487888416e-01 7.601021178448520710e-02 9.427954922236109203e-03 -1.137101527464048217e-01 4.103975818272289633e-01 -1.000829140373528381e-01 -3.547785685848936499e-01 3.159847840354401138e-01
1.675773405578919462e-01 3.947380038800993862e-01 -4.273817466228608253e-01 7.703828323379378895e-02 -6.352588030456522705e-02 4.536197905752135107e-01 -1.186723316773787423e-01 2.981594765392353019e-01 -3.803198413346613460e-01 3.241180248075508641e-01
3.540937824020383151e-01 4.143624303316411628e-01 -1.034729409715453352e+00 -9.014480870647308963e-01 -7.319233979525695544e-01 -4.452612266129962748e-01 4.665550107660201284e-01 1.808801721675996843e+00 -3.909000876512028766e-01 8.557107743202648775e-01
3.413499254785435366e-01 -4.754703166276156301e-01 5.793752077057421346e-01 4.379707435425160833e-01 7.707065643095801777e-01 -8.579748134449731445e-02 -2.908433053124568901e-01 -4.504874180146054563e-01 9.966462906846327297e-01 -5.440829749575162300e-01
2.013050104965143361e-01 -4.157420127202057225e-01 1.993480628943793964e-01 -1.951891143077953694e-01 1.942587122066324057e-01 6.039236387009506712e-01 2.610011730024815457e-01 3.945016187104538052e-01 3.093072758280398724e-02 2.575640803426146319e-01
-7.448813967218598231e-02 8.863596720702804355e-01 -8.351232485096766744e-01 3.941050626524744693e-02 -5.327554857576347058e-02 -1.858660325856032261e-02 -2.719666855201443578e-01 6.003204747647640227e-01 -4.567368985023628758e-01 4.527307922861211198e-01
2.411473330982113472e-01 -8.935984067823172783e-01 8.622306447909815486e-01 8.041182930819968933e-01 -3.105209380385585693e-01 1.264052253236276624e-01 -2.164456863457463187e-01 -7.857923182327007927e-01 -1.345067755399590170e-01 1.037526395313994876e-01
-2.043792008882374181e-02 9.792154638991530380e-01 -9.776743228158206733e-01 -2.930960612947952626e-01 -9.718756584759850187e-03 -2.724554170199693925e-01 9.637886346501035872e-02 1.161016350827766219e+00 -1.921887792425388819e-01 -1.405193680810778445e-01
8.922858546373753363e-02 2.373995892453570344e-01 -3.033117677247055832e-01 5.223096811406918727e-01 8.114365982400170707e-02 4.206458904806671395e-01 -8.212337541118603923e-01 -2.862409939951529037e-01 -1.573112129254268798e-01 -1.828927008079567762e-01
-3.683765309648580066e-01 -7.257312249921670233e-01 6.248214172500682340e-01 2.582924197118834364e-01 2.196533760480898489e-01 1.633165124554130654e-01 2.307389169740782786e-01 -6.555831284064972397e-01 8.924545303038420307e-01 -6.287711119516435909e-01
-2.632771362994504871e-01 2.406411619181190176e-01 -7.473411952533134950e-02 -1.717354513456976206e-01 -3.434870508491600360e-01 -9.590947615610910526e-02 4.527781326382800398e-01 2.149315462989754288e-01 8.714323284123866309e-02 5.020416159181610022e-02
-1.301284312762336290e-02 4.084194677030927867e-01 1.116392675406556872e-01 2.666159643169906945e-01 -1.566780530494130408e-01 5.724684829626796034e-01 -8.544899248899937572e-01 3.962198267003773644e-01 -1.087482805455611129e-01 3.676051331161152014e-01
-1.524473993273111894e-01 7.159168023062590924e-01 -2.168381472070935456e-01 9.708668069761483554e-02 -2.911146301214945220e-02 -3.860333733705055836e-01 6.790136865992432713e-02 9.119653137716257074e-01 2.213479997026492896e-01 1.578505245504860655e-01
2.089416077724850218e-01 -3.200622723502916656e-01 -2.384820987660267455e-01 5.213669061531506221e-02 -3.333272570705962390e-01 -2.792051148189442777e-01 4.169449950264517701e-01 -9.340329093422652940e-03 -6.048087046568507291e-02 -4.643585784969493646e-02
-4.128637033920231070e-01 2.138245309965496055e-02 4.407127560331400296e-01 1.215522170243864331e+00 -2.505900761731785220e-01 2.744268119458234678e-01 -6.673110370188772844e-01 -8.666005473843965135e-01 3.621268049023681490e-01 2.924064159002126573e-01
-1.807519711802257067e-01 2.870513210233065493e-01 -4.621808773456893837e-03 -3.955860895554437207e-01 7.853737891781417679e-02 1.268881114838005253e-02 5.172471723377749520e-01 3.740119139105906321e-01 -1.284260598714635493e-01 2.106849600666278743e-01
-7.301526652996943867e-02 3.443986200743148762e-01 -4.612882372345102899e-01 -1.659264480419452292e-01 4.954036994128226401e-01 -3.893946316995057777e-01 3.173301535242522564e-01 3.080636087361360298e-01 4.692438177835744906e-01 -5.028614359733349914e-01
-2.334408583216232846e-01 -7.259296649317145134e-01 1.155422060728202860e+00 1.567719069158910461e+00 1.241360510534597617e-01 2.778759781090225367e-01 -9.181065401281237603e-01 -9.959482748242181049e-01 3.567910476256376806e-01 -5.793762644737425749e-01
-1.391713197862236018e-01 4.995828137243488176e-01 -1.100373679093444579e-01 3.877497615880601822e-01 5.617595015332091379e-02 -8.456764477073949182e-01 1.066291770687128881e-01 -2.551636921737668318e-01 3.772973362058839597e-01 -7.265972289583448873e-01
-7.350054008852380250e-02 -1.711241094890077474e-01 -7.424567935912665395e-02 5.953644423153446885e-01 -4.490740185895749498e-02 3.338719897380711954e-01 -5.233651918768499334e-01 -5.721520685022551955e-01 6.649679085349688434e-02 -6.757411691944186227e-01
-1.439624122093150806e-02 1.748358740235065462e-02 3.797192893825026561e-01 3.053906947178536835e-01 2.575853223116734148e-01 -1.733071519156267337e-01 -4.414533663918885353e-01 -1.418535290109544100e-01 3.293208054701129428e-01 -4.809755409165696327e-01
3.078245488487751924e-01 5.682543968851946348e-01 -8.740601829283776159e-01 1.493692525472604393e-01 -2.257043705237354314e-01 -1.308077042550046254e-01 -3.606114172854570921e-01 2.040129486567572592e-02 4.036822185072376779e-01 -5.456674144673566706e-01
9.979092424060646005e-01 -3.413482385441151123e-01 -1.079394470561047203e+00 3.757357487796433304e-01 2.920916871224435440e-01 -6.995196877431922866e-01 -5.095743086349857620e-01 7.879977909290045851e-03 4.997017450584385068e-01 -3.686979074243441901e-02
-4.867001475822770040e-02 -5.651660333295265709e-03 1.357040104107860856e-01 -5.558060058965710315e-01 5.697098208607638270e-01 -2.205085057506199209e-01 8.026670864647497128e-01 6.182836306806620552e-01 -2.828513157989088200e-01 -9.090735465180996289e-02
-5.680038720181661560e-01 5.631074316615058972e-01 -2.569132205796793578e-01 1.132855435425849322e+00 5.209523644759227468e-01 -9.380821229617567480e-01 -1.014545752097385289e+00 -5.473262336857753763e-01 7.564755143115458047e-01 -1.349398917919812299e-02
-2.386540644799807209e-01 -3.451620633147727268e-01 -8.106415225158258853e-03 -1.413416632743848544e-01 -8.497292009260418166e-02 -2.767921721553262548e-02 3.392211828793305073e-01 1.231406275953870200e-01 4.298405193468174401e-02 7.301081486883834182e-02
1.235625988675397025e-01 1.017226062286695765e+00 -4.512690485510054694e-01 7.048145266919902951e-01 7.101765480182514745e-01 -8.426738049002446829e-01 -6.795461336493606730e-01 -1.434158517476612493e+00 6.737972411690346108e-01 3.240381860956335625e-01
4.737393772205876485e-02 1.753267261458306692e-01 -1.072408810707664306e-01 5.415957170755289485e-02 -3.409473886548500809e-01 -1.618536953149140589e-01 -3.206350874866708001e-01 -3.245849469042186852e-01 1.676993794847411456e-01 -2.065775069662663943e-01
-7.582040898307016441e-01 -4.755822736993684519e-01 2.852366718949312166e-02 4.092512525320096684e-01 5.599176040182783920e-01 -6.271061698964869313e-01 8.024459585983954868e-02 2.397607264855012021e-01 -1.508218105688518551e-01 2.423695244312303876e-01
-6.189621934980264750e-02 -2.902591873537729850e-01 6.212168396009858373e-01 -8.650108431993069891e-01 -4.012748844265756065e-01 4.825513832757349908e-01 -1.104997247675718192e-01 -2.617882995951867353e-02 4.444950384196134641e-01 1.306661292736281954e-01
-4.997992135562493443e-01 -2.479493752465528333e-01 -1.133847788763695519e-01 -8.893797696652198936e-02 3.346060195964706829e-01 3.530711315167327502e-01 8.355801771524405952e-01 -1.435530662360728904e-01 -4.580911731655094021e-01 1.504095387016374796e-01
2.472024115501241237e-01 1.539228956850337629e-02 -7.467701043584188403e-01 5.536800770832932539e-01 -5.586309320847276938e-01 -1.890738731352066548e-01 -4.228156477758864273e-01 -3.243576127947266352e-01 2.434532737019609872e-01 7.916817437861788098e-03
-4.071443331682203515e-02 5.086727005613848052e-01 -5.534699639995543929e-01 6.255886376609266497e-01 2.074140976821801652e-01 -5.403346737226876195e-01 -5.869508029335486210e-01 -6.278868827860688562e-01 5.646489347713636864e-01 -8.896885935857782313e-01
-7.167368645761228452e-01 -1.869701573813133400e-01 5.851044304819463804e-01 -2.069721187237920090e-01 1.906888373355916100e-01 -9.384013558164304436e-02 2.534793577397224107e-01 -3.823191074127598177e-01 4.499155188341543710e-01 -1.334082091522369728e-01
3.427077595237673635e-02 2.422005205697050079e-01 -1.539683578089625193e+00 1.668776986101601301e+00 9.040719915560233577e-01 -1.451851470419183610e+00 1.116615721303386016e-01 -1.233037991048665738e+00 4.570338806237705942e-01 -4.157012069117536068e-01
8.826583424498726793e-03 -3.693852484840433048e-01 2.030480449113972463e-01 4.466354648244837827e-02 4.578429359697557821e-01 -6.055029515325023315e-01 2.380846670482219818e-01 -5.500259024433497013e-01 4.323336035392831844e-01 5.763652762878244129e-01
2.022885897252527793e-02 5.120425381298304712e-01 -6.214385388207084304e-01 1.280646046102453806e+00 3.976196557519245389e-01 -1.931251290757721450e-01 -4.039639060548312344e-01 -1.289637920342544763e+00 4.189253344363041975e-01 -2.653827622968548128e-01
-4.191268286062274084e-01 -1.550431512534669598e-01 3.558448243736178629e-01 1.372089736145025995e-01 -1.188630414512157757e-01 -3.888713643192807101e-01 3.612849305105890196e-01 -2.507592051529286548e-01 2.541560856387216627e-01 -5.447933637007654900e-02
3.519793075214739941e-01 8.247024376837958082e-02 -2.474238284955149747e-01 3.305737174546684587e-01 3.545051673617857224e-01 -2.224422853531224098e-01 -4.183255847512154513e-02 -4.494449058534678576e-01 -1.105916552198119712e-01 -1.973947947875721032e-01
-3.612946425431086128e-01 -1.549899267922018320e-01 4.541573152897739885e-01 1.166384076716829310e-01 -3.140078848529532368e-02 -6.348023649738505636e-01 3.001161972914724307e-01 2.487023226498654704e-01 -2.609413933497155558e-01 4.024010667119578555e-01
1.251426910229180844e-01 4.534687314989730572e-02 -2.502739247929958166e-01 -2.041350875692634625e-01 -2.843016276356836181e-01 -2.000084158417923808e-02 4.476947765981865168e-01 3.446198262140323099e-01 -7.709995003153471416e-01 4.660400480410462620e-01
-7.895270118593790409e-03 7.867650192368053075e-01 1.954771332458244693e-01 1.912054214416405995e-02 -2.037942797645779236e-01 2.689499910094025198e-02 -9.656486353376166898e-01 -3.045731306427675866e-01 1.905848162176656257e-01 -4.915873411630758971e-01
3.933442008725777095e-01 6.555216156240799286e-02 9.698245181948614291e-02 3.396201414320189071e-01 -2.746341075887668848e-01 -1.610788534846253062e-01 5.839216598173149197e-01 -9.735771870137702177e-02 -8.712014451426788875e-03 3.510423102266506390e-02
-1.957113808181017156e-01 -1.956534024969043550e-01 -3.479708917381494349e-01 -3.112478375213720838e-01 1.706826414981452433e-01 6.174316403893137517e-02 -1.430299724496472691e-01 2.723522021562634343e-01 -3.743597447091125408e-01 -3.522403405531186471e-01
-6.773598233192451579e-01 -7.050732293463200795e-02 -8.613161080616158483e-01 5.066331695412595870e-01 9.885956406295304255e-01 -1.083198674407018780e+00 1.728070799484673348e-01 -2.262413189978469408e-01 3.204941935299403521e-01 -1.701661429907433132e-01
-1.508767729801128721e-01 -5.082868718826081406e-02 4.046736025865702580e-01 -1.347419817173937107e-01 -1.629709535538694520e-01 5.837157601138110996e-01 -2.179843732989451555e-01 -2.124689534288013160e-01 -5.215966248128143731e-03 -2.875089102822095399e-03
4.754734563582836415e-01 -1.074463352704636693e-01 -2.174013066605219313e-01 2.688955134114874579e-02 -2.596892017067514713e-01 -6.914622767570413608e-02 -1.297392128309921011e-01 3.987835437222724683e-02 2.103511576892394541e-01 -1.230340398784678657e-01
-3.804314352724388892e-01 4.578466924538115435e-01 -4.095614397746833446e-01 3.394194791573151848e-01 2.736995748853808530e-02 -3.136352016227075268e-01 3.662063049240611989e-01 4.633077027571296802e-01 -3.025923364786383130e-01 -6.655632949664080922e-01
-2.564255494440732808e-03 -4.015926189431506810e-01 -4.901479247894834912e-01 -6.671940004940716262e-01 7.606411914585053946e-01 8.106342820516104775e-01 -4.333463390564792905e-01 4.363744021561431485e-01 -4.995139807573613366e-02 6.922542353734367770e-01
-2.732207707501544888e-02 1.825668318761044517e-01 -3.896356103863957143e-01 7.419595325751390247e-01 3.695473688863059377e-03 -5.791199092593357634e-02 -4.746979259057276801e-02 4.651620689825221588e-01 3.506888880494228311e-01 -6.338250708213378770e-01
-5.620983932250754600e-02 1.345533142263219406e-01 -2.134225176251387246e-01 7.087813841561166339e-02 2.220376765742990977e-01 -1.794764051117957726e-01 1.538737490475886038e-01 1.694337656029602790e-01 -3.889243181988718545e-01 -2.854654294817573490e-01
5.974760450249100296e-01 -7.720115208219184844e-01 9.001810953090886441e-03 -7.001110495358715546e-01 4.245393491919325496e-02 9.299679868801757898e-01 -8.554717950549450833e-01 1.626590294595707253e-01 1.676613939891094807e-01 7.867699770901204204e-01
1.198570226487392643e-01 -1.533839463351850674e-01 -9.199113009456879805e-03 -4.152684327457231706e-01 -6.847853800798181512e-02 -1.788449840307528294e-01 2.779049227891729201e-02 1.031354225273180408e-01 -1.199168855727867217e-01 6.651663317285601007e-01
-6.867444011402494830e-01 5.323369166344039671e-01 -1.199715818088852304e-01 4.629867082204059958e-01 2.760754496900598154e-01 1.027503113370892840e-01 4.142384616992698249e-02 1.652874088155663057e-01 -2.666962351686326671e-01 -4.090715966669639103e-01
-6.629188762598825502e-01 5.325670950669003645e-01 -2.052088279005702121e-01 2.780023869174541029e-01 5.038739508273973877e-01 -1.522403704220137710e-01 -8.036557978745656472e-02 -1.741056594868636495e-02 1.785334308169913287e-01 -1.581337301491408109e-01
3.582670008612159201e-02 3.653057056012187220e-01 2.930932858096683136e-01 1.318004779070378885e-01 2.623138339727915658e-01 4.744939313467724795e-01 -2.439873476846272926e-01 7.002219365091896797e-02 -5.629200050546727396e-03 -2.004051918911270158e-01
3.575713751762630288e-01 -5.669469291370815567e-01 -4.509305871802795074e-01 -8.307975241966734092e-01 5.592287568733125269e-01 5.993134178679828672e-01 -6.094581877119932267e-01 5.730261349761991418e-01 4.603990429733947898e-02 2.373451847053193176e-01
1.097887870068800648e-01 1.507982948786269484e-01 3.000499114667864453e-01 1.065565097530301458e-01 -4.913271489234116024e-02 -5.324613550962757624e-02 2.446345513342804145e-01 -3.110251556005015905e-01 -2.107422094203347251e-01 -4.012765922084038372e-01
2.755705859596556118e-01 -4.837332897311498736e-01 7.520361562996694116e-02 -2.555475526625979044e-02 -2.544031028671726591e-01 4.473171160885597852e-01 3.902111571212521501e-01 2.666187356429596256e-01 -2.445658272814965895e-01 9.076837583866095849e-02
-1.465876515684138293e-01 1.253430980855377574e-01 -2.941608071338823738e-01 -3.427758964218251547e-01 1.273736491670265092e-01 1.828325058777506285e-01 8.664114380541548810e-02 -3.161411749607768717e-01 9.132933103747151171e-02 -1.044144999389345907e-01
4.623995418545837066e-01 -1.085354187986024899e+00 -3.240069490137517660e-01 -4.392748362961181319e-01 4.686112663084060492e-02 1.240643652738658176e+00 -4.292954908480789977e-01 -1.607599670114840673e-01 5.692950722065381886e-01 3.074613453465337987e-01
-7.509583719269485869e-02 -2.360244656308613798e-01 -2.196541826298672173e-01 -1.202748216726301361e-01 1.671804944700769902e-01 1.816290262564734803e-01 -3.874094625438151418e-02 2.322176990100849672e-02 -3.817951647516470981e-01 2.601161467979121178e-01
-3.310017664414629524e-01 8.717506015935090613e-02 -1.520830571174238699e-01 -4.364304305242078796e-01 2.176198505291224994e-01 -1.517080541165757301e-01 1.467383306042754632e-01 -1.552592693094751730e-01 3.029017428029351366e-01 -2.050394517474680295e-02
4.490359532317647617e-01 -4.289372149290920921e-01 -2.886302908816106294e-01 2.123027152612755319e-01 3.354434296846989794e-01 6.988138860822282195e-02 -6.318865549270222814e-01 -3.071301625479290198e-01 8.905461498147664301e-01 2.453710769482289611e-01
7.945526118178344865e-02 -3.619320098028960264e-01 -3.475424444873826402e-01 4.817756945307485328e-01 1.376116402763787328e-01 1.124331769660634750e-01 3.613636498654287932e-01 5.246617140925721179e-01 1.244642380224561667e-01 -3.413629887724978773e-01
3.941921638706814002e-01 -1.130442848280044099e-01 -6.584631698888778750e-01 -3.104086033589851246e-01 6.036690662622596903e-01 5.122826044158950154e-01 -6.402046364921776256e-01 1.624773060724190865e-01 5.130551320415391858e-01 4.631504359800915349e-01
7.979299251171771690e-02 3.716891371414838829e-01 -4.639452849323265626e-01 4.465557892451348931e-01 1.564058972761182553e-01 -7.639865610456127998e-01 2.365428487005716840e-01 2.156132524047383592e-01 1.610734885631147639e-01 -1.373297583149209466e-01
2.328206771738897118e-01 -3.260917138633503964e-01 4.848494078251637251e-01 -1.405430587696239186e-01 8.844097918399373981e-02 1.502029013047746775e-01 1.791133704156689932e-01 7.369355516572209663e-02 -2.900375737284724975e-01 -3.873837809120152520e-01
4.046066097259086725e-01 -5.772447789588426303e-01 -3.077323130364386164e-02 1.782991200095764561e-01 5.177888995489761392e-02 9.350720969350201361e-02 2.555664710051817612e-01 -1.590772091977931679e-01 -4.464755630866193425e-01 -2.172569042952247897e-01
-1.300940736236867734e-01 -7.014521723272952869e-01 -2.378574141679813125e-01 1.434089418067489505e-02 9.360121039457811043e-03 1.771595863060034803e-01 -6.814640022382633111e-01 -1.341464153353130184e-01 4.167197055898967939e-01 9.540127577318775476e-01
4.227134368769553396e-01 -6.951063956329753823e-01 -4.098298114212574061e-01 -4.239770002674090876e-01 4.222811907041402191e-01 4.236297128731966177e-01 -7.886569447663112076e-01 -3.204764940248815419e-01 4.610905627308398702e-01 1.389840695523765435e+00
