-8.829721862710027125e-03 -2.447667206033479065e-02 -2.263104330302991019e-02 -2.036711023892620598e-01 -6.773178614079740367e-02 8.408891016969578802e-02 -2.780335581790028820e-01 1.112152362428832086e-01 -3.848576990350341398e-02 2.943778633436227588e-01
3.976710669187665248e-01 -9.736905505238355185e-03 1.538806425580761528e-01 3.550811064188063582e-01 -2.228578748760449701e-01 2.729802801365939224e-01 -2.752959814919953008e-01 -3.474061352446042306e-01 1.061544047059453516e-01 1.416145564249083888e-01
-7.079402252844646526e-01 2.899954213897302235e-01 -3.236594269198252438e-01 1.380439111365938665e-01 -1.827519227976843741e-01 2.293847325165099815e-01 -7.795011900065524912e-01 4.369932853795626126e-01 6.203904884310888768e-02 -4.636470039759707507e-02
1.805409911739176421e-01 7.887205259155843917e-02 7.276322401329275991e-01 -3.514211664790544559e-02 1.431935811311153273e-01 3.435513000348932033e-01 3.285512507099050961e-01 1.073429603948708455e-01 3.187361689590083591e-01 -7.239108133487791585e-01
2.336392231757866700e-01 6.405676337226292594e-01 -6.753507166102415415e-03 -9.841377457221525127e-01 -2.786803038395560539e-01 2.512790136084663839e-01 1.930268906319175526e-01 3.665544669099044528e-01 -1.381058113976580959e-01 -7.386831023891518022e-01
2.910253300335650661e-01 1.707390608228249729e-01 -1.668641360302036136e-01 1.868438084112365172e-01 1.194572373127949644e-01 -3.239169576015395458e-01 -4.792823641737398166e-01 2.114517261457470876e-01 1.805176974057743911e-01 -4.510273190593945269e-01
-1.183579657270383834e+00 3.303455745580986536e-01 1.183426992027236002e+00 3.220404545469027768e-01 -7.125055393449915009e-01 2.464655694132938668e-01 3.665608700265967079e-01 -1.181528128223064078e+00 1.438600280890037220e-01 9.657622568016571707e-01
-3.271602486116462205e-02 -3.732035796386347082e-01 -1.875143858778003936e-01 -2.320294147042777089e-01 9.970094297726238286e-02 1.838486208529880317e-01 5.574760618783667493e-02 4.760958360950634516e-01 -4.703201985864986501e-01 -3.184252840133002249e-01
-2.996963763295144023e-01 -1.728548669683612482e-01 -4.077016028251242985e-02 -1.267139385779503802e-01 2.503349698325641470e-01 2.192047246470943400e-01 -1.457054441232908393e-01 -2.709342309229168522e-01 3.429891580151661068e-01 5.216754657349268465e-01
2.677062503257575665e-01 8.494268230980979162e-01 -2.467966872772079379e-01 1.833362344527016130e-01 2.077788679371312952e-01 9.639934963667858014e-02 -4.358360077566636459e-01 2.556341522707535896e-01 -4.383443430969298227e-01 -1.210916118675983977e-01
1.237198394024546788e+00 4.456787272571030578e-01 -1.236470180720232959e+00 -7.244396910217197616e-02 7.524432101245667193e-01 2.258556321303723802e-01 3.019974648255344118e-01 7.762639199786242061e-01 -1.927677731554218454e-01 -1.105077039329179112e+00
7.469133624014601125e-01 4.613581343064808160e-01 -3.863960295348512486e-01 2.036401025004241638e-01 3.189207705911075164e-01 -1.993717580582638205e-01 -7.975831623662360537e-04 7.672790390342394684e-02 -2.047155881253767684e-02 -8.053295686368897588e-01
2.123752632555170050e-01 6.079681767542453041e-01 -1.220815472689036063e-01 -3.557928716421241977e-01 9.976262488898769709e-02 3.708285736120257858e-02 2.313410489558216931e-01 2.353282982587927008e-01 1.457357596850606951e-01 -3.382960472264106011e-01
3.104321832983719665e-02 -2.486514193960116248e-01 -3.596822126055720242e-02 -3.084458566003577262e-01 -3.125282011435367435e-01 5.162522171252076353e-01 -2.430978231315537308e-01 -1.422485602177765984e-01 -1.466616257323665740e-01 1.489237024819323185e-01
6.640872888960834830e-01 9.374781332775650178e-01 -8.082378523235671519e-01 -5.705716197573731385e-01 8.092374922187397512e-01 -2.778748374349530592e-01 -6.888582555231179683e-01 7.014564962345611887e-01 -2.283849202476624096e-01 -1.344671344535268043e+00
1.870783227143134053e-01 -1.370831313774346083e-01 1.544089318836177338e-01 3.427918878341923992e-01 -5.412617127527852290e-01 4.868166574994214901e-01 -6.373543978118641207e-02 -1.795875331172096245e-01 -3.106867339825220009e-01 2.582441776684137880e-01
7.451416945350044507e-01 -2.426268488923023214e-01 -7.907384606901241009e-01 2.620290456978960347e-01 9.505457203376972419e-01 -2.900888684771130710e-01 -4.849072773922966095e-01 8.982776461964258052e-01 6.142382716287571043e-01 -8.878756171903061656e-01
2.761414347544612902e-01 3.119163860287922363e-01 -6.157258557674557542e-01 -1.991966381759067706e-01 -3.561693639193458938e-01 4.279552389720144290e-01 -4.293698371283239390e-01 1.362300723277589387e-01 -3.315481362097391083e-01 -3.237934529693848873e-01
2.578067249089104895e-01 -2.008240395673670797e-01 -3.096950582296577048e-01 -4.008692102430065352e-01 3.868755736820719826e-01 1.402734831490730916e-01 2.388832280337999103e-01 3.345893959082470170e-02 -2.780826164666148070e-01 9.470393806982285723e-02
-5.201862840397796228e-01 6.629805987314560389e-02 3.756255408463646805e-01 6.195637521724799840e-02 -3.513110808696507381e-01 -9.177077680858107545e-02 3.874423402563045293e-01 -2.552441213539838327e-01 8.079401760692023204e-03 5.900554407951393021e-02
4.072200975119510402e-01 -3.303870671875716036e-01 -8.379704705454082969e-01 -6.778990382315553953e-01 1.088121110985064366e+00 -2.208508625041816775e-01 5.906570362064846869e-01 6.651907616556809177e-01 3.533545869065451428e-01 -2.468445019742853686e-01
-2.026750715262861935e-01 -3.069019258524020022e-01 4.373702778641896938e-02 1.012268835478127293e-01 4.677623916153839795e-02 5.578167825642447175e-01 -1.622375150477761013e-03 -9.650272846786482617e-02 4.699262233178580495e-01 -3.350795500287441220e-01
-5.752320690902251732e-01 1.236768250413697312e-01 6.706942261183362897e-02 1.636309047935687877e-01 8.171230738769530433e-02 -3.578396440281995106e-01 2.246967715078171945e-01 -7.189996185571322362e-01 -4.614499616667487869e-01 7.877917651433403723e-01
-6.682806022883600039e-02 -4.914648100577632683e-01 -5.018323433540662348e-01 -3.716694088402749951e-01 2.318056728894858920e-01 -1.053736450820309534e-01 1.069776948429711355e-01 -1.560306592750693166e-01 6.615540211115747971e-01 2.357966312767638406e-02
2.346229772014318538e-01 3.749433511167185595e-01 7.369849056375119001e-02 -5.299610174291488063e-01 -7.720650855422080128e-02 5.888669170006048670e-02 1.107452331275832202e-02 -3.146258320666996816e-02 -1.074732050438904629e-01 -3.363800201187832628e-01
2.643473372313060246e-02 4.396153453547181345e-01 -1.938413129721871797e-01 -4.307968303362385010e-01 3.224873477995966464e-01 -5.126319428332907213e-01 -1.333001868115797073e-01 -2.747757454965797375e-01 -1.238255216226008759e+00 7.060487241281643289e-01
2.606261315290737124e-01 -3.085548225476595352e-01 1.820636355634057124e-01 5.592282756704641811e-01 -1.153229999542737111e-01 4.958626825048003117e-01 2.956786123078254946e-01 -8.259646645150797717e-02 -1.475924050544333843e-01 4.845465431329398220e-01
-5.280399914947367379e-02 -3.362854551183552254e-01 4.478353176640261779e-01 -9.145883071401897380e-02 6.911732113797146304e-02 -4.777929577622516133e-01 9.485328355196140371e-02 -2.734039500890018681e-01 -3.240323344451514487e-01 7.943748302488566893e-01
-1.104815614391557038e-02 -8.178012488981554196e-01 -3.899002987020413480e-01 1.191350353778471288e-01 1.009636315214682334e+00 4.606815149337669529e-02 3.776642760195491610e-01 -3.406091773081887375e-01 2.214138284610504548e-01 3.493562394435060225e-01
1.401024425385241634e-01 -2.785559374775307684e-01 -1.650180100131034000e-01 2.781287496733587661e-01 -5.829848943831540398e-01 1.516394441427944828e-01 9.797625829578426870e-02 1.214962750360473742e-01 6.940153139688100270e-02 1.768197381371859889e-01
-5.170566988577536272e-01 -1.075221310133435970e-01 -1.171347181087591671e-01 2.360855511109868909e-02 4.719288766479934338e-01 -5.884212694198530033e-03 7.456631821803155757e-02 2.014730588420493018e-01 1.496325855276907368e-02 5.326780078180162192e-01
-1.057746917212919691e+00 -5.287585517877354535e-01 5.027426517609260292e-01 -2.117270334110799290e-01 -5.294708610436336116e-01 -3.789776385187078322e-02 3.247597793293116042e-01 -6.897144790243753265e-01 7.512693810897549951e-02 1.116614833905358539e+00
7.768357557025115656e-02 -6.294369456891717174e-02 -7.229401331519897944e-01 8.848557491118507201e-01 6.443085486065763812e-01 -1.667525209174352263e-01 -1.255333189603792532e-01 3.790359612909237064e-01 3.004817389103211500e-01 -6.679710528299386274e-01
6.073421690310385479e-01 -4.741806847439153372e-01 -1.327391374423138592e-01 2.964132345979388350e-01 -1.977759720319853254e-01 4.879834058561338117e-01 3.670722046375038961e-01 -5.135637734866156379e-01 4.749695091706040984e-01 -6.124793911049419837e-01
3.773528338458241871e-01 -8.338486967722844034e-02 4.901928980894762478e-02 -1.949103396034777280e-01 1.582963379815366667e-01 2.429100393164574101e-01 -1.530714710797880240e-01 2.979007250652635636e-02 -4.212147295757693866e-01 -1.126854397665001811e-01
4.599841836077629420e-01 8.827795669134519407e-02 3.644775128864107261e-01 3.819435654259492052e-01 -7.197509944060557219e-01 2.231871215432375544e-01 -1.124253442743743114e-01 -1.762571460455523709e-01 -2.706897599692922873e-01 6.083345767854382580e-02
3.534310211539654079e-01 2.876962262758844258e-01 -6.233285873895523244e-01 -1.945232544882984083e-02 -4.701602972809718617e-01 3.742778706693955515e-02 -3.787298849308365356e-01 5.986591725360775884e-01 3.894100427022863520e-01 -3.710817602868338172e-01
1.206212505506361332e-02 -8.308249924968087452e-01 -5.018821469110517491e-02 3.184495336599634796e-01 -8.502374832985324371e-01 5.016116023777485999e-01 4.240272409072680104e-01 -3.917494637148791758e-01 -8.303789418571208558e-02 4.819077983847250835e-01
-3.298546231979996440e-02 1.876817438365265683e-02 -1.156188703375269633e-01 -4.125222310919623991e-02 4.789042050577542176e-01 -2.960866410185896691e-01 -1.918759799408052691e-01 4.529935116757298763e-01 4.714133949345606922e-01 -3.789757423063337405e-01
-4.744467264332635770e-01 -4.145249717552507707e-01 9.517414706281625003e-01 3.113824995075897273e-01 -5.454122099019228509e-01 5.999606131475514470e-01 8.783149008223169185e-02 -2.731913944626883084e-01 -6.250693063596151067e-01 6.370288383827555911e-01
1.107405164778429846e-01 3.602485085725657954e-01 -1.665992380067483902e-01 -1.760884674523568449e-01 1.815342091813247904e-01 -2.562576741305661598e-01 -2.025086355481266753e-01 7.199959465493334376e-02 -5.408238868751026329e-01 2.044132249254568545e-01
4.350131700442548821e-01 8.078139886323645324e-01 -8.807809389091474372e-01 -2.915749008762201222e-01 3.589461257353387946e-01 4.978498862382413348e-03 -2.082344711686903438e-01 8.277030442405893806e-01 2.779034343801537466e-01 -6.991181678910511899e-01
2.760539950196787967e-02 -2.235405367112615616e-01 2.318721803276613536e-01 4.010855782393520919e-01 2.605171995169991428e-01 -1.099142280829124019e-01 8.434412067575220995e-01 -7.269297225409651064e-01 -8.041229358007916383e-01 5.513344576295087229e-01
-4.627304157329950041e-01 -2.830071294283549310e-01 2.948822445845731277e-01 -3.639334689959793367e-01 -6.678879738187507575e-01 3.459866468520096938e-01 -1.623816444018693073e-01 6.039015070926403994e-02 -1.982086832451855074e-01 -4.120143877978335589e-02
3.351251987831582735e-01 3.620076725671945717e-01 -9.184008525520986899e-01 -1.139332344609894632e-01 2.075618416890066265e-01 -2.017208987812378340e-01 -2.656146743482039052e-01 6.835989414512270157e-01 -3.479931162365368369e-01 -7.604558204235670749e-01
-3.824098472517927783e-01 -5.615198099554460365e-01 1.388410333751295411e-01 3.942850918873057608e-01 5.630808175156892803e-01 -1.344216174984784740e-01 -3.343918598994274349e-01 -4.757929899651333061e-01 -4.526285429080900702e-01 7.283138564569053841e-01
-9.686258171045454279e-01 -5.749607972138967571e-02 1.350920740302961054e+00 -1.896025966780081132e-02 -2.775832262612496493e-01 5.358226501048470730e-03 3.106342165125139387e-01 -1.242602131849588565e+00 -5.716359925872089853e-01 1.141040856315119312e+00
6.653942404469870286e-02 -2.077344097888542407e-01 1.466930677196160993e-01 -1.892004105013751214e-01 6.536438502570993125e-02 -4.843925312170174052e-02 8.465959487705518316e-02 9.708269564926275130e-02 -4.621550025300831810e-01 6.730051018980627575e-02
-8.271405767572909129e-02 5.168339586543972963e-01 2.185300154087363722e-01 -2.842960541966016441e-01 -6.887414731352380082e-02 2.183239450940618331e-01 -7.742338717899438505e-02 -6.952272328156816616e-02 2.809727434562374060e-01 2.689711016480365036e-01
-1.285540481841196958e-01 -7.186419381751797675e-02 -2.345494252575811012e-01 -3.273446052767160497e-01 1.172692798828682270e-01 -2.287676807700813053e-01 1.905094355917470728e-01 7.824465506169606122e-02 3.872736505731882439e-01 4.198901055591040127e-02
-6.304697921274990402e-02 -1.285958980077703817e-01 -2.388085713600810456e-01 1.799969800432879574e-01 1.632211543644368490e-01 -5.835979905820376512e-01 -5.396554874081423980e-01 6.196320327541979256e-02 5.306982242230644520e-01 -2.958458315239685388e-01
2.237325034891722297e-01 -2.560399899843236460e-01 -5.207035916594759950e-01 -5.533623430872544047e-01 5.357581916603852967e-01 1.115461944667071603e-01 -6.885253113114803147e-02 2.146473274030212819e-01 3.019722806523167935e-01 -1.701434547178556633e-01
2.749436647992413163e-01 5.181984122965445361e-02 -5.741813045567302209e-01 -5.590365770624051989e-02 2.308096532184504279e-01 1.578095966112953441e-01 4.315170245370666957e-01 -1.482835372789882977e-01 -4.509156696101708217e-01 9.345902260137396722e-02
-4.777684140343525093e-02 9.156033384024314659e-02 3.326662531187294380e-01 -7.139747828148426678e-03 -2.959610334838875256e-01 -1.533506086564501852e-02 4.460577879306167337e-01 -5.972732576588075659e-01 -4.809136407947777192e-01 4.486898320718636368e-01
2.217441593597309635e-01 4.776128564952947797e-01 1.178503812979645182e-01 3.718115426607030982e-01 -6.610414938777464666e-01 4.888704142203985636e-01 7.417807562416387501e-01 -2.155844299119870633e-01 -7.180421734972396441e-01 3.759645353203909246e-01
1.632291538345745641e-01 2.968526865932255010e-01 1.568445076464651255e-01 1.384112837180777045e-01 -4.082119198219620326e-01 5.145086990384374614e-02 -2.572014710313266228e-01 -5.128582268003956113e-01 4.668942147387568631e-01 1.962571938954836281e-01
2.551740089173726300e-01 -3.842405320472528918e-01 2.004033757694727580e-01 -8.235585259640609834e-01 5.055216054907682999e-01 -4.803593631220835491e-01 -2.610480041440885746e-01 -2.999266502212443175e-01 7.530425403773723936e-01 -4.648718186894906096e-02
-7.342994134691680497e-01 2.230098612002952285e-01 7.674902451450529850e-02 8.721926402468923589e-01 -1.438615529379564384e-01 -1.439597940860301017e-01 3.236440326203219864e-01 1.964542074689746010e-01 -1.109076814388937793e+00 -4.378811925212637290e-01
3.446577961868935724e-01 6.828322075307216577e-03 6.402638643732584400e-01 -2.523741071690696613e-01 1.742256257343225562e-02 -8.683003737768321684e-02 -1.078035614424454058e+00 -9.227951756540858641e-02 4.879149419545449895e-01 -2.080482288169507310e-01
-6.740352929745035970e-01 2.658315024141095773e-01 4.385527207762468516e-01 4.875799030282662594e-01 -6.063889232744713587e-01 1.089370710717206536e-01 9.475545938894945619e-02 -8.111550219489437330e-01 -2.467719031011888220e-01 -4.490455527499271349e-01
1.156596499580760107e-01 2.224269379637663913e-02 3.152492511590193613e-02 -3.841828922908562260e-01 5.806880334112216602e-01 -2.420210942941169452e-01 -2.764593597380910484e-01 6.211897157335393160e-01 8.012039220533129225e-01 -5.839453981042472264e-02
-1.196331648631754563e+00 -4.014222299280260919e-02 -5.064285864329730602e-01 -4.133931942997233489e-02 -1.605806383763007383e-01 9.417381407076033106e-01 1.459631439343654635e-01 4.635769469202251636e-01 -5.449413634785273963e-01 1.567105989234819363e-01
3.252105737533837471e-01 2.138394175340065095e-01 -8.131905954710569873e-01 2.573859551500763954e-01 2.908866558371480115e-01 1.180187122819924328e+00 1.660081095208518487e-01 5.505343517417875532e-01 -5.594086310703993981e-01 -2.227455876487073605e-03
1.856514884837173751e-01 1.871163207347704138e-01 -6.280362916194038858e-01 6.688100218094105154e-01 -5.916489461454995658e-01 3.791054411889960285e-01 -1.769558695065419351e-02 -1.858742164047993972e-04 -2.427155462319417478e-01 -4.986819248603886479e-01
2.084302866649737074e-01 2.669548113179118776e-01 4.287813736194330816e-01 1.651472148405133678e-01 -5.138400202111649273e-01 -1.289317139500892606e-01 -3.901229058585615195e-01 -6.918341044133990980e-01 1.406326040809628419e-01 2.343589568708707993e-01
-2.561301847740092841e-01 3.656906669466812310e-01 -2.315831084723452282e-01 3.733554883288176529e-01 -6.237372714059049583e-01 2.535971803589717188e-01 6.069319787434928129e-03 5.082555422638365128e-01 -3.433963431880776573e-01 -3.406689880446157059e-01
-8.987280900690721927e-03 -5.165577560757704800e-01 2.508290668236645704e-01 7.556824538821144133e-02 -1.035887698401648238e-03 7.361479914496350530e-01 4.476447937646066411e-02 4.573855476684805521e-01 -6.942007965954095638e-01 -4.628232151289710661e-01
1.464683677526580075e-01 2.185436101271107101e-02 -3.133282800037854865e-01 -1.007126015784094664e+00 8.489814806915713108e-01 -2.665133495282451248e-02 -3.935986120966387947e-02 5.387663685550549975e-01 8.486517978870867784e-01 -1.066282344619289835e-01
1.850149044290368694e-01 -4.126865543186737928e-01 1.049802448734219046e-01 1.198306361446160595e-01 -2.473485291763028449e-01 -6.705557182677501782e-02 -5.260454168858245128e-01 1.139434738908007283e-01 1.266342430091673132e-01 4.815415098354213774e-01
7.208494621387114831e-01 -2.817667138635507884e-01 -2.686798492849627462e-01 -8.296469933689889498e-01 5.339664554806533570e-01 -5.388939790365575577e-01 -4.756897743232508247e-01 8.473855110575773120e-03 8.205883379923476495e-01 1.446788525316049234e-01
2.306033878800010095e-01 -3.194179062874729080e-01 2.034263956098597004e-01 -5.500592081748565398e-01 5.117703436170630837e-01 -5.625973585309895775e-01 1.326927237621862155e-01 -1.945611424138125323e-01 4.463695108531037792e-01 7.063117431354005993e-02
6.850397867480770842e-01 -3.125288640943302831e-01 7.705266368944895250e-01 -1.130055086205459247e+00 6.433712575357161123e-01 -4.113758309573246619e-01 -3.347349498458778716e-01 -4.795066753348836142e-01 9.126129041839211586e-01 -1.263601123857671094e-01
8.642310737687736166e-02 -4.098616466590800783e-02 -6.141996087345725774e-01 -3.139145915333155790e-01 2.786433355826108960e-01 8.119518557080457333e-01 2.324954291975673409e-03 2.558823892820696888e-01 -6.000748877020515293e-01 -1.430545858940097600e-02
-7.182226997357048504e-01 -3.920079040852323393e-01 -2.420042214817044179e-01 1.475282116878457339e+00 -9.151646954753318575e-01 4.753236239015996567e-01 2.953832013881700913e-01 2.961388253919710056e-01 -8.657815283195103850e-01 -3.471135712001552909e-01
5.005722163920371948e-01 -4.668080958624172272e-01 4.005229768149454750e-01 -1.367723474439018982e+00 7.632571104072956025e-01 -5.829840638199110803e-01 -7.788474026664042871e-01 2.007550527765590564e-01 1.694746097951007613e+00 2.686337947248175484e-02
-3.073640303469076795e-01 -1.276154757978260057e-01 -1.536712818974244610e-01 1.753694713635804703e-01 4.096217676205687018e-03 -3.439020108443969770e-01 -4.075209991843537494e-01 2.778040645517505097e-02 5.492836727905874294e-01 4.062713191232315002e-01
9.262491609508526069e-02 -8.024808563033553055e-02 -1.810617711040662381e-01 -6.341375967831925919e-01 9.673621689209686847e-02 3.094652932832282488e-01 -9.131566785823657106e-01 -5.643163392635744957e-01 8.093015376876737665e-01 -7.639358714848268339e-02
5.748341851418652115e-02 -3.281383206725199675e-02 7.820662925268321297e-01 -5.975473581799484180e-01 3.420517047808370181e-01 3.301516412162211478e-02 -6.504899840522078425e-02 -1.896258558623749868e-01 3.962267426066761744e-01 2.322762320936294644e-02
-5.471433328706101773e-03 -4.537875173011242103e-01 -3.465618363149048919e-01 2.477683010159274501e-01 1.323568786977689371e-01 -1.416031000861840417e-01 -1.365553270387532825e-01 -7.572322436128031686e-02 -9.662304563460999418e-02 -3.459340402997372332e-01
-3.697923567194383310e-01 3.969261994404032490e-01 -7.470770895391126709e-01 1.036049541000972685e+00 -1.168875223446804279e+00 4.542681610200195452e-01 6.000414911818652275e-01 6.956017991839923420e-01 -7.523276616159062513e-01 -7.130660377133740679e-01
-5.913537835935573916e-01 8.266604058278141931e-01 -4.719119666831997906e-01 2.851946635614560077e-01 -4.991587839539506355e-01 4.105710574846150873e-01 -7.646352898590691449e-01 -2.394661482511832307e-01 -1.753469346215411617e-01 1.824456415541499676e-01
1.823861507329276876e-01 1.110116113160754259e-01 -2.787699714266182460e-01 2.859035697796963316e-01 -1.451541111064277578e-01 4.301235769628155570e-01 2.503675809757855975e-01 -1.066079969720164083e-01 -1.807125802111023138e-01 1.830460053394092068e-01
3.661318431039242705e-02 3.283732064933989614e-01 -1.469956507307871307e-01 5.976685220798461096e-01 -4.245353599932750743e-01 -3.369595744748269533e-02 -9.427040549863864582e-02 -6.649844031024898516e-02 -5.598247638941017401e-01 -1.915959161975046288e-01
1.870017575249184050e-01 -6.650414210693097461e-01 -6.717153874762603616e-01 -3.796957438329379708e-01 9.774792754489799451e-01 6.083642257707889689e-01 -7.092938558824513073e-01 3.914270540227174910e-01 5.161994086648487023e-01 -3.836381717875446129e-01
-1.715273368247658553e-02 -6.401224845654032158e-01 -2.097503288478732020e-01 -6.958114089495645027e-01 -5.679035197846759447e-02 3.245629429633449803e-01 5.296472156216059934e-01 2.893272630135010348e-01 -5.265224188403749839e-01 2.219374906698056149e-01
1.199349981247938707e-02 5.943855510047343360e-01 -5.628073510410585012e-01 9.469177268608207632e-01 -5.939891770526685155e-01 6.349892197870301569e-01 7.675095319821928497e-01 8.682502547542553240e-02 -1.122442532061368015e+00 -2.449401844110697668e-01
1.369954956777771349e-01 -8.554624174523423052e-02 -2.549893016101498211e-02 4.771048264516510318e-01 5.426969786219718039e-03 -1.210014741030811941e-01 5.162508279836115765e-02 -2.986433630787312388e-01 -3.519561539742733780e-01 -2.186626450510046893e-01
-2.174957746070662612e-01 1.542342662257738528e-01 1.180687892292709429e-01 1.383845311571050563e-01 2.814962372260650381e-01 -9.765038183493748858e-02 -6.404077367253655506e-01 -8.402801959219281802e-02 2.356343824750068427e-01 -2.360222905106950375e-01
-1.456026406851456401e-01 1.583386169276085054e-01 -2.565716910364721492e-01 -5.369331911149852754e-01 1.900209065650153850e-01 3.747036590821030133e-01 2.639790133898332614e-01 -9.058193051465553147e-02 -5.074784157838008181e-02 5.227569565406383623e-01
-4.381594321250879553e-01 -1.551462912792657411e-01 -6.444174541527025735e-02 1.601869905821186879e-01 6.561630076513406962e-02 -6.198589420885097789e-02 2.036111434697969458e-01 5.092331492055314213e-01 -4.453917612443535901e-01 1.698876802196281899e-01
1.902846385251723837e-01 8.093812581138995488e-02 5.985420617393089060e-02 -3.248362945510833155e-01 6.147725799433485794e-02 -5.588140651767145028e-01 -2.390787829282120247e-01 -3.196020734422831966e-01 4.318968706433375937e-01 -2.199516009399579419e-01
-4.694369025460755629e-01 6.607780292142864109e-01 -6.883893162642971131e-01 6.369421788555301722e-01 -6.533114703278348756e-01 3.159983452170786467e-02 5.096852034701663259e-01 3.545329862080072725e-01 -1.072753340045485421e-02 -5.152772068366345826e-02
-3.136256070809791963e-01 1.285732648529480937e-01 1.435529440361456022e-01 9.896999399803998454e-01 -1.113644546110310191e-01 6.720860526287765480e-02 2.693942290902268666e-01 -3.884525909006323885e-01 -5.863817894526116570e-01 5.713678105768302262e-02
-7.193580180492913367e-01 4.507016535953766723e-01 1.054422212194702640e-01 9.293560103751715706e-01 -8.418053489665280331e-01 4.811799662966350088e-01 7.201060879915580082e-02 -3.732731664957918416e-01 -9.929922474983901015e-01 3.080552023258943950e-01
-2.442968629023065663e-01 -1.172052821380156207e-01 -2.115202917950145811e-01 -3.023062409168233988e-01 1.398554392482932451e-01 -4.693895553932115883e-01 -2.795908430251545229e-01 -1.200474164093035256e-01 6.989388026925170694e-01 1.447944963851984512e-01
-1.024322031863089399e-01 -1.794898123934648149e-01 7.538117545182410062e-01 -2.523320617783368358e-01 -3.258156875110487238e-01 -7.746282027319337793e-01 -6.393065944787036381e-01 -2.918979099507605923e-01 3.345424062637745721e-01 1.843915083338640293e-01
-1.918329121234313706e-01 2.335592112800334297e-01 -2.437026415331459972e-01 -6.325961213795507077e-02 -3.691284465796124126e-01 -1.658662487413054276e-01 9.223402334527334989e-03 3.938044805170036744e-01 1.975812434380711663e-02 1.474382388131031674e-01
1.603224753034565020e-01 -1.016363485241330356e+00 -6.846134162280539392e-01 -4.581151827545202337e-01 4.564089536249462120e-01 4.621067910742118201e-01 2.298194713502137998e-01 3.014956348446560241e-01 -3.717675914662652570e-01 -4.732675545227375130e-02
-2.154528927541763950e-01 9.845337600505130182e-02 2.546291309506281200e-02 2.879370409739167580e-01 6.367146763110966001e-02 -1.038887488857755947e-01 6.499283980415988538e-01 -5.459516492602218413e-02 -2.232702479060308387e-01 -3.212269752952521817e-01
-1.338403013919538254e-01 1.078767027930505190e-01 -4.371843646188905419e-01 -4.812333299332400283e-01 3.752662433038682632e-01 -3.210310057816271323e-01 -9.293263595600870230e-02 2.606761704705033433e-01 -2.624736465875666946e-03 1.599461953395200364e-01
